0 0.142788 0.519017 0.109423 0.132112
0 0.169423 0.802692 0.146676 0.162360
0 0.355062 0.845010 0.120316 0.155445
0 0.429251 0.655455 0.111717 0.152857
0 0.612019 0.567805 0.117445 0.141615
0 0.677878 0.617847 0.065948 0.148613
0 0.779897 0.613582 0.108283 0.143354
0 0.786765 0.906749 0.103695 0.125217
0 0.852651 0.712019 0.110577 0.143333
0 0.910810 0.907619 0.090522 0.125217
0 0.227012 0.411066 0.077349 0.097578
0 0.273125 0.357091 0.068750 0.079441
0 0.436415 0.399410 0.080220 0.115714
0 0.374828 0.324275 0.056717 0.079441
0 0.669890 0.475404 0.075055 0.096729
0 0.577074 0.446915 0.071621 0.089814
0 0.440144 0.542764 0.081937 0.084617
0 0.139059 0.187836 0.052706 0.081180
0 0.423812 0.261242 0.049272 0.088075
0 0.853516 0.318240 0.055000 0.084638
0 0.732342 0.309607 0.057871 0.089814
0 0.309512 0.177909 0.044107 0.076853
0 0.261380 0.231014 0.048695 0.065631
0 0.219842 0.171863 0.041250 0.063023
